(
(300 ((1.e5    1.31459)))
(400 ((1.e5   0.985943)))
(500 ((1.e5   0.788754)))
(600 ((1.e5   0.657295)))
(700 ((1.e5   0.563396)))
(800 ((1.e5   0.492971)))
(900 ((1.e5   0.438197)))
(1000 ((1.e5  0.394377)))
(1100 ((1.e5  0.358525)))
(1200 ((1.e5  0.328648)))
(1300 ((1.e5  0.303367)))
(1400 ((1.e5  0.281698)))
(1500 ((1.e5  0.262917)))
(1600 ((1.e5  0.246483)))
(1700 ((1.e5  0.231979)))
(1800 ((1.e5   0.21908)))
(1900 ((1.e5  0.207529)))
(2000 ((1.e5  0.197115)))
(2100 ((1.e5  0.187664)))
(2200 ((1.e5  0.179031)))
(2300 ((1.e5  0.171088)))
(2400 ((1.e5  0.163726)))
(2500 ((1.e5  0.156849)))
(2600 ((1.e5  0.150369)))
(2700 ((1.e5  0.144213)))
(2800 ((1.e5  0.138317)))
(2900 ((1.e5  0.132632)))
(3000 ((1.e5  0.127121)))
(3100 ((1.e5   0.12177)))
(3200 ((1.e5  0.116579)))
(3300 ((1.e5  0.111568)))
(3400 ((1.e5  0.106774)))
(3500 ((1.e5  0.102241)))
(3600 ((1.e5  .0980121)))
(3700 ((1.e5  .0941199)))
(3800 ((1.e5  .0905786)))
(3900 ((1.e5  .0873812)))
(4000 ((1.e5  .0845026)))
(4100 ((1.e5  .0819061)))
(4200 ((1.e5  .0795516)))
(4300 ((1.e5  .0774005)))
(4400 ((1.e5  .0754188)))
(4500 ((1.e5  .0735789)))
(4600 ((1.e5  .0718586)))
(4700 ((1.e5  .0702404)))
(4800 ((1.e5  .0687107)))
(4900 ((1.e5  .0672588)))
(5000 ((1.e5  .0658762)))
(5100 ((1.e5  .0645561)))
(5200 ((1.e5  0.063293)))
(5300 ((1.e5  0.062082)))
(5400 ((1.e5  .0609193)))
(5500 ((1.e5  .0598014)))
(5600 ((1.e5  .0587254)))
(5700 ((1.e5  .0576886)))
(5800 ((1.e5  .0566886)))
(5900 ((1.e5  .0557234)))
(6000 ((1.e5  .0547909)))
(6100 ((1.e5  .0538895)))
(6200 ((1.e5  .0530174)))
(6300 ((1.e5  .0521733)))
(6400 ((1.e5  .0513555)))
(6500 ((1.e5  0.050563)))
(6600 ((1.e5  .0497944)))
(6700 ((1.e5  .0490486)))
(6800 ((1.e5  .0483245)))
(6900 ((1.e5  .0476212)))
(7000 ((1.e5  .0469376)))
(7100 ((1.e5  .0462728)))
(7200 ((1.e5  0.045626)))
(7300 ((1.e5  .0449963)))
(7400 ((1.e5  0.044383)))
(7500 ((1.e5  .0437853)))
(7600 ((1.e5  .0432025)))
(7700 ((1.e5  0.042634)))
(7800 ((1.e5  0.042079)))
(7900 ((1.e5  .0415368)))
(8000 ((1.e5  0.041007)))
(8100 ((1.e5  .0404889)))
(8200 ((1.e5  0.039982)))
(8300 ((1.e5  .0394856)))
(8400 ((1.e5  .0389992)))
(8500 ((1.e5  .0385224)))
(8600 ((1.e5  .0380546)))
(8700 ((1.e5  .0375952)))
(8800 ((1.e5  .0371439)))
(8900 ((1.e5  .0367002)))
(9000 ((1.e5  .0362635)))
(9100 ((1.e5  .0358335)))
(9200 ((1.e5  .0354096)))
(9300 ((1.e5  .0349915)))
(9400 ((1.e5  .0345788)))
(9500 ((1.e5  0.034171)))
(9600 ((1.e5  .0337677)))
(9700 ((1.e5  .0333685)))
(9800 ((1.e5  .0329731)))
(9900 ((1.e5  .0325811)))
(10000 ((1.e5 .0321921)))
(10100 ((1.e5 .0318057)))
(10200 ((1.e5 .0314217)))
(10300 ((1.e5 .0310396)))
(10400 ((1.e5 .0306593)))
(10500 ((1.e5 .0302803)))
(10600 ((1.e5 .0299025)))
(10700 ((1.e5 .0295254)))
(10800 ((1.e5 0.029149)))
(10900 ((1.e5 .0287729)))
(11000 ((1.e5 0.028397)))
(11100 ((1.e5 0.028021)))
(11200 ((1.e5 .0276449)))
(11300 ((1.e5 .0272683)))
(11400 ((1.e5 .0268913)))
(11500 ((1.e5 .0265137)))
(11600 ((1.e5 .0261355)))
(11700 ((1.e5 .0257566)))
(11800 ((1.e5 0.025377)))
(11900 ((1.e5 .0249968)))
(12000 ((1.e5 0.024616)))
(12100 ((1.e5 .0242346)))
(12200 ((1.e5 .0238529)))
(12300 ((1.e5 .0234709)))
(12400 ((1.e5 .0230888)))
(12500 ((1.e5 .0227069)))
(12600 ((1.e5 .0223253)))
(12700 ((1.e5 .0219445)))
(12800 ((1.e5 .0215646)))
(12900 ((1.e5 0.021186)))
(13000 ((1.e5 .0208091)))
(13100 ((1.e5 .0204342)))
(13200 ((1.e5 .0200617)))
(13300 ((1.e5 .0196922)))
(13400 ((1.e5 .0193259)))
(13500 ((1.e5 .0189633)))
(13600 ((1.e5 .0186049)))
(13700 ((1.e5 .0182511)))
(13800 ((1.e5 .0179024)))
(13900 ((1.e5 .0175591)))
(14000 ((1.e5 .0172217)))
(14100 ((1.e5 .0168907)))
(14200 ((1.e5 .0165662)))
(14300 ((1.e5 .0162488)))
(14400 ((1.e5 .0159387)))
(14500 ((1.e5 .0156361)))
(14600 ((1.e5 .0153414)))
(14700 ((1.e5 .0150548)))
(14800 ((1.e5 .0147763)))
(14900 ((1.e5 .0145062)))
(15000 ((1.e5 .0142445)))
(15100 ((1.e5 .0139913)))
(15200 ((1.e5 .0137466)))
(15300 ((1.e5 .0135102)))
(15400 ((1.e5 .0132822)))
(15500 ((1.e5 .0130625)))
(15600 ((1.e5 0.012851)))
(15700 ((1.e5 .0126474)))
(15800 ((1.e5 .0124515)))
(15900 ((1.e5 .0122633)))
(16000 ((1.e5 .0120825)))
(16100 ((1.e5 .0119088)))
(16200 ((1.e5 0.011742)))
(16300 ((1.e5 .0115819)))
(16400 ((1.e5 .0114281)))
(16500 ((1.e5 .0112805)))
(16600 ((1.e5 .0111388)))
(16700 ((1.e5 .0110027)))
(16800 ((1.e5 .0108719)))
(16900 ((1.e5 .0107463)))
(17000 ((1.e5 .0106255)))
(17100 ((1.e5 .0105094)))
(17200 ((1.e5 .0103976)))
(17300 ((1.e5 .0102901)))
(17400 ((1.e5 .0101865)))
(17500 ((1.e5 .0100866)))
(17600 ((1.e5 00999024)))
(17700 ((1.e5 00989728)))
(17800 ((1.e5 .0098075)))
(17900 ((1.e5 00972071)))
(18000 ((1.e5 00963677)))
(18100 ((1.e5 00955553)))
(18200 ((1.e5 00947682)))
(18300 ((1.e5 00940053)))
(18400 ((1.e5 00932651)))
(18500 ((1.e5 00925464)))
(18600 ((1.e5 00918482)))
(18700 ((1.e5 00911691)))
(18800 ((1.e5 00905085)))
(18900 ((1.e5 .0089865)))
(19000 ((1.e5 00892381)))
(19100 ((1.e5 00886267)))
(19200 ((1.e5 00880301)))
(19300 ((1.e5 00874474)))
(19400 ((1.e5 00868782)))
(19500 ((1.e5 00863216)))
(19600 ((1.e5 .0085777)))
(19700 ((1.e5 00852439)))
(19800 ((1.e5 00847219)))
(19900 ((1.e5 00842103)))
(20000 ((1.e5 00837085)))
(20100 ((1.e5 00832164)))
(20200 ((1.e5 00827334)))
(20300 ((1.e5 .0082259)))
(20400 ((1.e5 .0081793)))
(20500 ((1.e5 .0081335)))
(20600 ((1.e5 00808848)))
(20700 ((1.e5 00804418)))
(20800 ((1.e5 00800059)))
(20900 ((1.e5 00795769)))
(21000 ((1.e5 00791545)))
(21100 ((1.e5 00787383)))
(21200 ((1.e5 00783282)))
(21300 ((1.e5 00779241)))
(21400 ((1.e5 00775256)))
(21500 ((1.e5 00771325)))
(21600 ((1.e5 00767449)))
(21700 ((1.e5 00763623)))
(21800 ((1.e5 00759848)))
(21900 ((1.e5 .0075612)))
(22000 ((1.e5 .0075244)))
(22100 ((1.e5 00748805)))
(22200 ((1.e5 00745214)))
(22300 ((1.e5 00741665)))
(22400 ((1.e5 00738159)))
(22500 ((1.e5 00734694)))
(22600 ((1.e5 00731268)))
(22700 ((1.e5 .0072788)))
(22800 ((1.e5 00724531)))
(22900 ((1.e5 00721218)))
(23000 ((1.e5 00717941)))
(23100 ((1.e5 00714698)))
(23200 ((1.e5 .0071149)))
(23300 ((1.e5 00708316)))
(23400 ((1.e5 00705174)))
(23500 ((1.e5 00702064)))
(23600 ((1.e5 00698985)))
(23700 ((1.e5 00695937)))
(23800 ((1.e5 00692919)))
(23900 ((1.e5 00689931)))
(24000 ((1.e5 00686971)))
)
